

#               STATISTICS of INDIVIDUAL LAYERS

#    Layer           MIN          MAX         MEAN          STD
#  ---------------------------------------------------------------
        1            0.1010       0.4059       0.1183       0.0090
        2            0.0750       0.4394       0.0969       0.0112
        3            0.0405       0.4716       0.0803       0.0172
        4            0.0207       0.4971       0.0687       0.0212
        5            0.0005       0.6913       0.2402       0.0746
        6            0.0000       0.6406       0.1884       0.0706
        7            0.0001       0.5513       0.1064       0.0482
#  ===============================================================


#                    COVARIANCE MATRIX

#    Layer             1             2             3             4             5             6             7
#  --------------------------------------------------------------------------
        1      8.166707e-005 9.995580e-005 1.427205e-004 1.765631e-004 2.161637e-004 4.434386e-004 3.437893e-004
        2      9.995580e-005 1.252789e-004 1.811614e-004 2.244985e-004 2.819098e-004 5.888455e-004 4.462903e-004
        3      1.427205e-004 1.811614e-004 2.951983e-004 3.310762e-004 7.420829e-004 1.027871e-003 7.115826e-004
        4      1.765631e-004 2.244985e-004 3.310762e-004 4.481615e-004 4.544725e-004 1.201434e-003 9.150017e-004
        5      2.161637e-004 2.819098e-004 7.420829e-004 4.544725e-004 5.569762e-003 3.085979e-003 1.462081e-003
        6      4.434386e-004 5.888455e-004 1.027871e-003 1.201434e-003 3.085979e-003 4.986982e-003 3.241283e-003
        7      3.437893e-004 4.462903e-004 7.115826e-004 9.150017e-004 1.462081e-003 3.241283e-003 2.325277e-003
#  ==========================================================================


#                    CORRELATION MATRIX

#    Layer             1             2             3             4             5             6             7
#  --------------------------------------------------------------------------
        1            1.00000       0.98820       0.91919       0.92291       0.32051       0.69485       0.78892
        2            0.98820       1.00000       0.94204       0.94745       0.33748       0.74498       0.82688
        3            0.91919       0.94204       1.00000       0.91024       0.57873       0.84715       0.85888
        4            0.92291       0.94745       0.91024       1.00000       0.28766       0.80364       0.89633
        5            0.32051       0.33748       0.57873       0.28766       1.00000       0.58554       0.40627
        6            0.69485       0.74498       0.84715       0.80364       0.58554       1.00000       0.95183
        7            0.78892       0.82688       0.85888       0.89633       0.40627       0.95183       1.00000
#  ==========================================================================
